,0
0,8478421
1,8473541
2,8474056
3,8475809
4,8476462
5,8476923
6,8477341
7,8477425
8,8477435
9,8478399
10,8478401
11,8478406
12,8478868
13,8479407
14,8479415
15,8479511
16,8480002
17,8480003
18,8480883
19,8481559
20,8475314
21,8470187
22,8476917
23,8472382
24,8473463
25,8473504
26,8473575
27,8474066
28,8474573
29,8474709
30,8475209
31,8475754
32,8476419
33,8476429
34,8477506
35,8477527
36,8478009
37,8478445
38,8478463
39,8478512
40,8478965
41,8479356
42,8479526
43,8479583
44,8480071
45,8480222
46,8480306
47,8480789
48,8480826
49,8480865
50,8481541
51,8481601
52,8471817
53,8475184
54,8475735
55,8475747
56,8475797
57,8475868
58,8476234
59,8476458
60,8476459
61,8476624
62,8476885
63,8478048
64,8478104
65,8478211
66,8478550
67,8479291
68,8479323
69,8479324
70,8479328
71,8479333
72,8480382
73,8480817
74,8480833
75,8481554
76,8481708
77,8482109
78,8480028
79,8470775
80,8473512
81,8474027
82,8474037
83,8474715
84,8475176
85,8475763
86,8476461
87,8476872
88,8477499
89,8477502
90,8477979
91,8478067
92,8478439
93,8478500
94,8479394
95,8479550
96,8480797
97,8482654
98,8482241
99,8470604
100,8471215
101,8471675
102,8471724
103,8475208
104,8475722
105,8475810
106,8476875
107,8476927
108,8476934
109,8477244
110,8477404
111,8477465
112,8477953
113,8477969
114,8478017
115,8478043
116,8478046
117,8478074
118,8478507
119,8478542
120,8478866
121,8479193
122,8479512
123,8480058
124,8480394
125,8480945
126,8482055
127,8475186
128,8470638
129,8473419
130,8473422
131,8475225
132,8475287
133,8475745
134,8475762
135,8475780
136,8475791
137,8476422
138,8476891
139,8476999
140,8477320
141,8477343
142,8477365
143,8477508
144,8477931
145,8477956
146,8478415
147,8478443
148,8478485
149,8478498
150,8478888
151,8479325
152,8479365
153,8479546
154,8480001
155,8480021
156,8480280
157,8480901
158,8482059
159,8482072
160,8476878
161,8478403
162,8475869
163,8477391
164,8479289
165,8467950
166,8473449
167,8474682
168,8475236
169,8475784
170,8475796
171,8476525
172,8476994
173,8477180
174,8477355
175,8477401
176,8477462
177,8477974
178,8478075
179,8478109
180,8479420
181,8479465
182,8479999
183,8480035
184,8480045
185,8480196
186,8480839
187,8481486
188,8481528
189,8477494
190,8475227
191,8477476
192,8470642
193,8471679
194,8473507
195,8473618
196,8474038
197,8474596
198,8474884
199,8475233
200,8475279
201,8475726
202,8475848
203,8476441
204,8476443
205,8476469
206,8476967
207,8476975
208,8476981
209,8478133
210,8480018
211,8480829
212,8481014
213,8481540
214,8475766
215,8474207
216,8474584
217,8476341
218,8476899
219,8476919
220,8477015
221,8477384
222,8477426
223,8478400
224,8478469
225,8478949
226,8479376
227,8479458
228,8480029
229,8480064
230,8480073
231,8480208
232,8480801
233,8480879
234,8481596
235,8482116
236,8482245
237,8469455
238,8473415
239,8474162
240,8474190
241,8474636
242,8474673
243,8475166
244,8475718
245,8475789
246,8475852
247,8476545
248,8476853
249,8477021
250,8477472
251,8477939
252,8477941
253,8478020
254,8478047
255,8478115
256,8478131
257,8478408
258,8478483
259,8478843
260,8479318
261,8479361
262,8480144
263,8480439
264,8480873
265,8481624
